Diagram        Frequency      Probability    Entropy        
=======        =========      ===========    =======        
AA             0              0,004311236    0,03388        
AB             139            0,000806961    0,00829        
AC             306            0,001314513    0,01258        
AD             404            0,002428107    0,02109        
AE             0              0,006719644    0,0485         
AF             40             0,001240317    0,01198        
AG             140            0,001140514    0,01115        
AH             8              0,003569278    0,02902        
AI             298            0,00364019     0,02949        
AJ             0              5,8437E-05     0,00082        
AK             73             0,000454367    0,00505        
AL             502            0,002081422    0,01854        
AM             169            0,001335524    0,01275        
AN             1248           0,003727518    0,03007        
AO             3              0,003911366    0,03128        
AP             97             0,000887723    0,009          
AQ             2              4,7932E-05     0,00069        
AR             564            0,003019047    0,02527        
AS             777            0,003440584    0,02815        
AT             829            0,00492844     0,03777        
AU             54             0,001461592    0,01377        
AV             94             0,000483258    0,00532        
AW             83             0,001392649    0,01321        
AX             3              6,96E-05       0,00096        
AY             171            0,000933029    0,00939        
AZ             35             5,3841E-05     0,00076        
A-             527            0,012202911    0,07757        
BA             125            0,000806961    0,00829        
BB             15             0,000151044    0,00192        
BC             0              0,000246046    0,00295        
BD             1              0,000454484    0,00505        
BE             338            0,001257759    0,01212        
BF             0              0,000232158    0,0028         
BG             0              0,000213477    0,0026         
BH             0              0,000668084    0,00705        
BI             56             0,000681358    0,00717        
BJ             4              1,0938E-05     0,00018        
BK             0              8,5047E-05     0,00115        
BL             163            0,000389593    0,00441        
BM             2              0,000249979    0,00299        
BN             2              0,000697703    0,00732        
BO             158            0,000732115    0,00763        
BP             0              0,000166161    0,00209        
BQ             0              8,972E-06      0,00015        
BR             84             0,000565094    0,0061         
BS             11             0,000643996    0,00683        
BT             3              0,000922487    0,0093         
BU             167            0,000273575    0,00324        
BV             3              9,0454E-05     0,00122        
BW             0              0,000260671    0,0031         
BX             0              1,3027E-05     0,00021        
BY             86             0,000174641    0,00218        
BZ             0              1,0078E-05     0,00017        
B-             11             0,002284096    0,02004        
CA             229            0,001314513    0,01258        
CB             0              0,000246046    0,00295        
CC             40             0,0004008      0,00452        
CD             0              0,00074034     0,0077         
CE             357            0,002048847    0,0183         
CF             0              0,000378178    0,0043         
CG             0              0,000347747    0,004          
CH             283            0,001088287    0,01071        
CI             122            0,001109909    0,01089        
CJ             0              1,7818E-05     0,00028        
CK             158            0,000138538    0,00178        
CL             63             0,000634634    0,00674        
CM             0              0,000407207    0,00459        
CN             0              0,001136535    0,01112        
CO             385            0,001192591    0,01158        
CP             0              0,00027067     0,00321        
CQ             3              1,4615E-05     0,00023        
CR             107            0,00092052     0,00928        
CS             1              0,001049048    0,01038        
CT             133            0,001502701    0,01409        
CU             70             0,000445645    0,00496        
CV             0              0,000147347    0,00188        
CW             0              0,000424624    0,00476        
CX             0              2,1221E-05     0,00033        
CY             2              0,000284484    0,00335        
CZ             0              1,6416E-05     0,00026        
C-             49             0,003720717    0,03003        
DA             120            0,002428107    0,02109        
DB             5              0,000454484    0,00505        
DC             0              0,00074034     0,0077         
DD             39             0,00136752     0,01301        
DE             366            0,003784533    0,03045        
DF             3              0,000698552    0,00732        
DG             19             0,000642343    0,00681        
DH             3              0,002010233    0,01801        
DI             265            0,002050171    0,01831        
DJ             1              3,2912E-05     0,00049        
DK             0              0,000255902    0,00305        
DL             32             0,001172266    0,01141        
DM             10             0,000752173    0,00781        
DN             19             0,002099355    0,01868        
DO             171            0,002202899    0,01944        
DP             0              0,00049997     0,00548        
DQ             0              2,6995E-05     0,00041        
DR             83             0,00170034     0,01564        
DS             58             0,001937752    0,01746        
DT             1              0,002775719    0,02357        
DU             44             0,000823175    0,00843        
DV             6              0,000272173    0,00322        
DW             9              0,000784346    0,00809        
DX             0              3,9199E-05     0,00057        
DY             39             0,000525486    0,00572        
DZ             0              3,0324E-05     0,00046        
D-             2405           0,006872733    0,04938        
EA             475            0,006719644    0,0485         
EB             6              0,001257759    0,01212        
EC             176            0,002048847    0,0183         
ED             958            0,003784533    0,03045        
EE             310            0,010473476    0,06889        
EF             75             0,001933203    0,01743        
EG             72             0,001777646    0,01624        
EH             19             0,005563202    0,04167        
EI             97             0,00567373     0,04233        
EJ             0              9,1083E-05     0,00122        
EK             15             0,000708193    0,00741        
EL             323            0,003244178    0,02682        
EM             209            0,002081596    0,01854        
EN             849            0,005809842    0,04315        
EO             51             0,006096394    0,04486        
EP             86             0,001383637    0,01314        
EQ             7              7,4708E-05     0,00102        
ER             1356           0,004705593    0,03638        
ES             653            0,005362616    0,04045        
ET             259            0,00768164     0,05396        
EU             8              0,002278088    0,02           
EV             212            0,000753222    0,00781        
EW             89             0,002170631    0,01921        
EX             86             0,00010848     0,00143        
EY             130            0,001454251    0,01371        
EZ             2              8,3919E-05     0,00114        
E-             3711           0,019019889    0,10872        
FA             144            0,001240317    0,01198        
FB             1              0,000232158    0,0028         
FC             2              0,000378178    0,0043         
FD             0              0,000698552    0,00732        
FE             126            0,001933203    0,01743        
FF             69             0,000356832    0,00409        
FG             0              0,000328119    0,0038         
FH             0              0,00102686     0,01019        
FI             144            0,001047262    0,01037        
FJ             0              1,6812E-05     0,00027        
FK             0              0,000130719    0,00169        
FL             52             0,000598813    0,00641        
FM             0              0,000384223    0,00436        
FN             0              0,001072385    0,01058        
FO             256            0,001125277    0,01102        
FP             3              0,000255393    0,00305        
FQ             0              1,379E-05      0,00022        
FR             140            0,000868562    0,00883        
FS             7              0,000989836    0,00988        
FT             72             0,001417883    0,01342        
FU             90             0,000420491    0,00472        
FV             0              0,00013903     0,00178        
FW             0              0,000400657    0,00452        
FX             0              2,0023E-05     0,00031        
FY             8              0,000268427    0,00318        
FZ             0              1,549E-05      0,00025        
F-             775            0,003510706    0,02863        
GA             117            0,001140514    0,01115        
GB             1              0,000213477    0,0026         
GC             0              0,000347747    0,004          
GD             1              0,000642343    0,00681        
GE             192            0,001777646    0,01624        
GF             1              0,000328119    0,0038         
GG             34             0,000301717    0,00353        
GH             232            0,000944233    0,00949        
GI             91             0,000962993    0,00965        
GJ             0              1,5459E-05     0,00025        
GK             0              0,0001202      0,00157        
GL             45             0,000550629    0,00596        
GM             5              0,000353306    0,00405        
GN             28             0,000986095    0,00985        
GO             101            0,001034731    0,01026        
GP             2              0,000234842    0,00283        
GQ             0              1,268E-05      0,00021        
GR             90             0,000798673    0,00822        
GS             39             0,000910188    0,00919        
GT             7              0,001303792    0,01249        
GU             52             0,000386656    0,00438        
GV             0              0,000127843    0,00165        
GW             1              0,000368418    0,0042         
GX             0              1,8412E-05     0,00029        
GY             20             0,000246828    0,00296        
GZ             0              1,4243E-05     0,00023        
G-             678            0,003228214    0,02671        
HA             800            0,003569278    0,02902        
HB             9              0,000668084    0,00705        
HC             3              0,001088287    0,01071        
HD             0              0,002010233    0,01801        
HE             2658           0,005563202    0,04167        
HF             4              0,00102686     0,01019        
HG             1              0,000944233    0,00949        
HH             1              0,00295501     0,02483        
HI             790            0,003013718    0,02524        
HJ             0              4,838E-05      0,00069        
HK             1              0,000376171    0,00428        
HL             7              0,001723212    0,01582        
HM             5              0,001105682    0,01086        
HN             0              0,003086017    0,02574        
HO             387            0,003238225    0,02678        
HP             0              0,000734947    0,00765        
HQ             2              3,9683E-05     0,00058        
HR             51             0,002499473    0,02161        
HS             9              0,002848464    0,02409        
HT             158            0,004080262    0,03239        
HU             54             0,001210054    0,01173        
HV             0              0,00040009     0,00452        
HW             1              0,001152976    0,01125        
HX             0              5,7622E-05     0,00081        
HY             24             0,000772456    0,00799        
HZ             0              4,4575E-05     0,00064        
H-             471            0,010102806    0,06697        
IA             66             0,00364019     0,02949        
IB             48             0,000681358    0,00717        
IC             288            0,001109909    0,01089        
ID             284            0,002050171    0,01831        
IE             147            0,00567373     0,04233        
IF             127            0,001047262    0,01037        
IG             204            0,000962993    0,00965        
IH             0              0,003013718    0,02524        
II             0              0,003073594    0,02565        
IJ             1              4,9342E-05     0,00071        
IK             56             0,000383645    0,00435        
IL             265            0,001757448    0,01608        
IM             339            0,00112765     0,01104        
IN             1598           0,003147329    0,02616        
IO             228            0,003302561    0,02722        
IP             49             0,000749549    0,00778        
IQ             2              4,0471E-05     0,00059        
IR             239            0,002549131    0,02196        
IS             558            0,002905056    0,02448        
IT             745            0,004161326    0,03291        
IU             2              0,001234094    0,01192        
IV             128            0,000408038    0,00459        
IW             0              0,001175882    0,01144        
IX             8              5,8766E-05     0,00083        
IY             0              0,000787802    0,00812        
IZ             22             4,5461E-05     0,00066        
I-             139            0,010303524    0,06801        
JA             6              5,8437E-05     0,00082        
JB             0              1,0938E-05     0,00018        
JC             0              1,7818E-05     0,00028        
JD             0              3,2912E-05     0,00049        
JE             16             9,1083E-05     0,00122        
JF             0              1,6812E-05     0,00027        
JG             0              1,5459E-05     0,00025        
JH             0              4,838E-05      0,00069        
JI             0              4,9342E-05     0,00071        
JJ             0              7,92E-07       2E-05          
JK             0              6,159E-06      0,00011        
JL             0              2,8213E-05     0,00043        
JM             0              1,8103E-05     0,00029        
JN             0              5,0525E-05     0,00072        
JO             15             5,3017E-05     0,00075        
JP             0              1,2033E-05     0,0002         
JQ             0              6,5E-07        1E-05          
JR             0              4,0922E-05     0,0006         
JS             0              4,6636E-05     0,00067        
JT             0              6,6803E-05     0,00093        
JU             52             1,9811E-05     0,00031        
JV             0              6,55E-06       0,00011        
JW             0              1,8877E-05     0,0003         
JX             0              9,43E-07       2E-05          
JY             0              1,2647E-05     0,00021        
JZ             0              7,3E-07        1E-05          
J-             0              0,000165406    0,00208        
KA             17             0,000454367    0,00505        
KB             2              8,5047E-05     0,00115        
KC             1              0,000138538    0,00178        
KD             1              0,000255902    0,00305        
KE             225            0,000708193    0,00741        
KF             3              0,000130719    0,00169        
KG             2              0,0001202      0,00157        
KH             0              0,000376171    0,00428        
KI             83             0,000383645    0,00435        
KJ             0              6,159E-06      0,00011        
KK             0              4,7886E-05     0,00069        
KL             13             0,000219364    0,00267        
KM             2              0,000140753    0,0018         
KN             72             0,000392848    0,00444        
KO             3              0,000412224    0,00464        
KP             1              9,3558E-05     0,00125        
KQ             0              5,052E-06      9E-05          
KR             0              0,000318182    0,0037         
KS             34             0,000362608    0,00414        
KT             1              0,000519415    0,00567        
KU             2              0,000154039    0,00195        
KV             0              5,0931E-05     0,00073        
KW             1              0,000146773    0,00187        
KX             0              7,335E-06      0,00013        
KY             6              9,8333E-05     0,00131        
KZ             0              5,674E-06      0,0001         
K-             223            0,001286082    0,01235        
LA             301            0,002081422    0,01854        
LB             2              0,000389593    0,00441        
LC             15             0,000634634    0,00674        
LD             239            0,001172266    0,01141        
LE             574            0,003244178    0,02682        
LF             62             0,000598813    0,00641        
LG             0              0,000550629    0,00596        
LH             1              0,001723212    0,01582        
LI             354            0,001757448    0,01608        
LJ             0              2,8213E-05     0,00043        
LK             36             0,000219364    0,00267        
LL             386            0,00100489     0,01001        
LM             18             0,000644778    0,00683        
LN             3              0,001799609    0,01641        
LO             249            0,001888369    0,01709        
LP             10             0,000428584    0,0048         
LQ             0              2,3141E-05     0,00036        
LR             13             0,001457566    0,01373        
LS             50             0,00166108     0,01534        
LT             83             0,002379402    0,02074        
LU             42             0,000705642    0,00739        
LV             19             0,000233312    0,00282        
LW             25             0,000672357    0,00709        
LX             0              3,3602E-05     0,0005         
LY             268            0,000450457    0,00501        
LZ             0              2,5994E-05     0,0004         
L-             419            0,005891445    0,04364        
MA             270            0,001335524    0,01275        
MB             49             0,000249979    0,00299        
MC             0              0,000407207    0,00459        
MD             0              0,000752173    0,00781        
ME             540            0,002081596    0,01854        
MF             2              0,000384223    0,00436        
MG             0              0,000353306    0,00405        
MH             0              0,001105682    0,01086        
MI             200            0,00112765     0,01104        
MJ             0              1,8103E-05     0,00029        
MK             0              0,000140753    0,0018         
ML             3              0,000644778    0,00683        
MM             45             0,000413716    0,00465        
MN             5              0,001154702    0,01127        
MO             218            0,001211654    0,01174        
MP             90             0,000274997    0,00325        
MQ             0              1,4848E-05     0,00024        
MR             37             0,000935233    0,00941        
MS             58             0,001065816    0,01052        
MT             1              0,00152672     0,01428        
MU             59             0,000452768    0,00503        
MV             0              0,000149702    0,0019         
MW             1              0,000431411    0,00482        
MX             0              2,156E-05      0,00033        
MY             52             0,000289031    0,0034         
MZ             0              1,6679E-05     0,00026        
M-             404            0,003780189    0,03042        
NA             117            0,003727518    0,03007        
NB             9              0,000697703    0,00732        
NC             182            0,001136535    0,01112        
ND             972            0,002099355    0,01868        
NE             507            0,005809842    0,04315        
NF             18             0,001072385    0,01058        
NG             776            0,000986095    0,00985        
NH             12             0,003086017    0,02574        
NI             167            0,003147329    0,02616        
NJ             4              5,0525E-05     0,00072        
NK             55             0,000392848    0,00444        
NL             50             0,001799609    0,01641        
NM             7              0,001154702    0,01127        
NN             44             0,003222833    0,02668        
NO             360            0,003381789    0,02776        
NP             0              0,00076753     0,00794        
NQ             2              4,1442E-05     0,0006         
NR             2              0,002610285    0,0224         
NS             200            0,002974748    0,02497        
NT             578            0,004261156    0,03355        
NU             25             0,0012637      0,01217        
NV             23             0,000417827    0,00469        
NW             3              0,001204092    0,01168        
NX             0              6,0176E-05     0,00084        
NY             83             0,000806702    0,00829        
NZ             0              4,6551E-05     0,00067        
N-             1481           0,010550704    0,06928        
OA             40             0,003911366    0,03128        
OB             35             0,000732115    0,00763        
OC             54             0,001192591    0,01158        
OD             96             0,002202899    0,01944        
OE             7              0,006096394    0,04486        
OF             703            0,001125277    0,01102        
OG             23             0,001034731    0,01026        
OH             4              0,003238225    0,02678        
OI             64             0,003302561    0,02722        
OJ             1              5,3017E-05     0,00075        
OK             87             0,000412224    0,00464        
OL             194            0,001888369    0,01709        
OM             379            0,001211654    0,01174        
ON             854            0,003381789    0,02776        
OO             241            0,003548585    0,02888        
OP             96             0,000805386    0,00828        
OQ             0              4,3486E-05     0,00063        
OR             605            0,002739029    0,02331        
OS             192            0,003121468    0,02598        
OT             295            0,004471324    0,0349         
OU             787            0,001326028    0,01268        
OV             117            0,000438435    0,00489        
OW             267            0,00126348     0,01217        
OX             8              6,3144E-05     0,00088        
OY             18             0,00084649     0,00864        
OZ             3              4,8847E-05     0,0007         
O-             787            0,011071084    0,07193        
PA             162            0,000887723    0,009          
PB             0              0,000166161    0,00209        
PC             0              0,00027067     0,00321        
PD             0              0,00049997     0,00548        
PE             260            0,001383637    0,01314        
PF             2              0,000255393    0,00305        
PG             0              0,000234842    0,00283        
PH             22             0,000734947    0,00765        
PI             83             0,000749549    0,00778        
PJ             0              1,2033E-05     0,0002         
PK             1              9,3558E-05     0,00125        
PL             147            0,000428584    0,0048         
PM             0              0,000274997    0,00325        
PN             1              0,00076753     0,00794        
PO             142            0,000805386    0,00828        
PP             80             0,00018279     0,00227        
PQ             0              9,87E-06       0,00016        
PR             160            0,00062165     0,00662        
PS             54             0,000708448    0,00741        
PT             58             0,001014811    0,01009        
PU             45             0,000300955    0,00352        
PV             0              9,9507E-05     0,00132        
PW             2              0,000286759    0,00337        
PX             0              1,4331E-05     0,00023        
PY             9              0,000192119    0,00237        
PZ             0              1,1086E-05     0,00018        
P-             124            0,002512692    0,0217         
QA             0              4,7932E-05     0,00069        
QB             0              8,972E-06      0,00015        
QC             0              1,4615E-05     0,00023        
QD             0              2,6995E-05     0,00041        
QE             0              7,4708E-05     0,00102        
QF             0              1,379E-05      0,00022        
QG             0              1,268E-05      0,00021        
QH             0              3,9683E-05     0,00058        
QI             0              4,0471E-05     0,00059        
QJ             0              6,5E-07        1E-05          
QK             0              5,052E-06      9E-05          
QL             0              2,3141E-05     0,00036        
QM             0              1,4848E-05     0,00024        
QN             0              4,1442E-05     0,0006         
QO             0              4,3486E-05     0,00063        
QP             0              9,87E-06       0,00016        
QQ             0              5,33E-07       1E-05          
QR             0              3,3565E-05     0,0005         
QS             0              3,8252E-05     0,00056        
QT             0              5,4794E-05     0,00078        
QU             73             1,625E-05      0,00026        
QV             0              5,373E-06      9E-05          
QW             0              1,5483E-05     0,00025        
QX             0              7,74E-07       2E-05          
QY             0              1,0373E-05     0,00017        
QZ             0              5,99E-07       1E-05          
Q-             0              0,00013567     0,00174        
RA             297            0,003019047    0,02527        
RB             20             0,000565094    0,0061         
RC             39             0,00092052     0,00928        
RD             131            0,00170034     0,01564        
RE             1050           0,004705593    0,03638        
RF             17             0,000868562    0,00883        
RG             21             0,000798673    0,00822        
RH             19             0,002499473    0,02161        
RI             355            0,002549131    0,02196        
RJ             0              4,0922E-05     0,0006         
RK             50             0,000318182    0,0037         
RL             56             0,001457566    0,01373        
RM             87             0,000935233    0,00941        
RN             121            0,002610285    0,0224         
RO             468            0,002739029    0,02331        
RP             19             0,00062165     0,00662        
RQ             0              3,3565E-05     0,0005         
RR             80             0,00211416     0,01879        
RS             239            0,002409352    0,02095        
RT             193            0,003451259    0,02823        
RU             71             0,001023515    0,01017        
RV             26             0,000338413    0,0039         
RW             14             0,000975236    0,00975        
RX             0              4,8739E-05     0,0007         
RY             166            0,000653376    0,00691        
RZ             0              3,7704E-05     0,00055        
R-             1059           0,008545383    0,05871        
SA             226            0,003440584    0,02815        
SB             6              0,000643996    0,00683        
SC             110            0,001049048    0,01038        
SD             5              0,001937752    0,01746        
SE             533            0,005362616    0,04045        
SF             10             0,000989836    0,00988        
SG             5              0,000910188    0,00919        
SH             303            0,002848464    0,02409        
SI             301            0,002905056    0,02448        
SJ             2              4,6636E-05     0,00067        
SK             44             0,000362608    0,00414        
SL             53             0,00166108     0,01534        
SM             44             0,001065816    0,01052        
SN             18             0,002974748    0,02497        
SO             255            0,003121468    0,02598        
SP             112            0,000708448    0,00741        
SQ             10             3,8252E-05     0,00056        
SR             0              0,002409352    0,02095        
SS             257            0,00274576     0,02336        
ST             651            0,003933144    0,03143        
SU             155            0,001166424    0,01137        
SV             0              0,000385664    0,00437        
SW             38             0,001111404    0,01091        
SX             0              5,5544E-05     0,00079        
SY             26             0,000744604    0,00774        
SZ             0              4,2968E-05     0,00062        
S-             2076           0,00973854     0,06507        
TA             206            0,00492844     0,03777        
TB             3              0,000922487    0,0093         
TC             44             0,001502701    0,01409        
TD             2              0,002775719    0,02357        
TE             597            0,00768164     0,05396        
TF             14             0,001417883    0,01342        
TG             1              0,001303792    0,01249        
TH             2516           0,004080262    0,03239        
TI             468            0,004161326    0,03291        
TJ             0              6,6803E-05     0,00093        
TK             1              0,000519415    0,00567        
TL             98             0,002379402    0,02074        
TM             9              0,00152672     0,01428        
TN             9              0,004261156    0,03355        
TO             713            0,004471324    0,0349         
TP             4              0,001014811    0,01009        
TQ             0              5,4794E-05     0,00078        
TR             226            0,003451259    0,02823        
TS             165            0,003933144    0,03143        
TT             134            0,005634004    0,0421         
TU             133            0,001670836    0,01541        
TV             0              0,000552442    0,00598        
TW             61             0,001592023    0,0148         
TX             0              7,9564E-05     0,00108        
TY             116            0,001066603    0,01053        
TZ             15             6,1549E-05     0,00086        
T-             1971           0,013949901    0,08598        
UA             63             0,001461592    0,01377        
UB             29             0,000273575    0,00324        
UC             77             0,000445645    0,00496        
UD             43             0,000823175    0,00843        
UE             49             0,002278088    0,02           
UF             20             0,000420491    0,00472        
UG             116            0,000386656    0,00438        
UH             1              0,001210054    0,01173        
UI             51             0,001234094    0,01192        
UJ             0              1,9811E-05     0,00031        
UK             1              0,000154039    0,00195        
UL             243            0,000705642    0,00739        
UM             62             0,000452768    0,00503        
UN             302            0,0012637      0,01217        
UO             2              0,001326028    0,01268        
UP             115            0,000300955    0,00352        
UQ             1              1,625E-05      0,00026        
UR             321            0,001023515    0,01017        
US             314            0,001166424    0,01137        
UT             342            0,001670836    0,01541        
UU             0              0,000495508    0,00544        
UV             5              0,000163834    0,00206        
UW             0              0,000472135    0,00522        
UX             1              2,3596E-05     0,00036        
UY             4              0,000316315    0,00368        
UZ             2              1,8253E-05     0,00029        
U-             62             0,004137021    0,03275        
VA             22             0,000483258    0,00532        
VB             0              9,0454E-05     0,00122        
VC             0              0,000147347    0,00188        
VD             0              0,000272173    0,00322        
VE             561            0,000753222    0,00781        
VF             0              0,00013903     0,00178        
VG             0              0,000127843    0,00165        
VH             0              0,00040009     0,00452        
VI             116            0,000408038    0,00459        
VJ             0              6,55E-06       0,00011        
VK             0              5,0931E-05     0,00073        
VL             0              0,000233312    0,00282        
VM             0              0,000149702    0,0019         
VN             0              0,000417827    0,00469        
VO             27             0,000438435    0,00489        
VP             0              9,9507E-05     0,00132        
VQ             0              5,373E-06      9E-05          
VR             0              0,000338413    0,0039         
VS             0              0,000385664    0,00437        
VT             0              0,000552442    0,00598        
VU             1              0,000163834    0,00206        
VV             1              5,417E-05      0,00077        
VW             0              0,000156106    0,00197        
VX             0              7,802E-06      0,00013        
VY             7              0,000104586    0,00138        
VZ             0              6,035E-06      0,0001         
V-             1              0,001367856    0,01301        
WA             628            0,001392649    0,01321        
WB             0              0,000260671    0,0031         
WC             1              0,000424624    0,00476        
WD             6              0,000784346    0,00809        
WE             296            0,002170631    0,01921        
WF             2              0,000400657    0,00452        
WG             0              0,000368418    0,0042         
WH             348            0,001152976    0,01125        
WI             297            0,001175882    0,01144        
WJ             0              1,8877E-05     0,0003         
WK             1              0,000146773    0,00187        
WL             8              0,000672357    0,00709        
WM             0              0,000431411    0,00482        
WN             87             0,001204092    0,01168        
WO             188            0,00126348     0,01217        
WP             1              0,000286759    0,00337        
WQ             0              1,5483E-05     0,00025        
WR             27             0,000975236    0,00975        
WS             26             0,001111404    0,01091        
WT             0              0,001592023    0,0148         
WU             0              0,000472135    0,00522        
WV             0              0,000156106    0,00197        
WW             0              0,000449864    0,005          
WX             0              2,2483E-05     0,00035        
WY             0              0,000301394    0,00353        
WZ             0              1,7392E-05     0,00027        
W-             205            0,003941878    0,03148        
XA             5              6,96E-05       0,00096        
XB             0              1,3027E-05     0,00021        
XC             25             2,1221E-05     0,00033        
XD             0              3,9199E-05     0,00057        
XE             4              0,00010848     0,00143        
XF             0              2,0023E-05     0,00031        
XG             0              1,8412E-05     0,00029        
XH             4              5,7622E-05     0,00081        
XI             5              5,8766E-05     0,00083        
XJ             0              9,43E-07       2E-05          
XK             0              7,335E-06      0,00013        
XL             0              3,3602E-05     0,0005         
XM             0              2,156E-05      0,00033        
XN             0              6,0176E-05     0,00084        
XO             0              6,3144E-05     0,00088        
XP             32             1,4331E-05     0,00023        
XQ             2              7,74E-07       2E-05          
XR             0              4,8739E-05     0,0007         
XS             0              5,5544E-05     0,00079        
XT             16             7,9564E-05     0,00108        
XU             0              2,3596E-05     0,00036        
XV             0              7,802E-06      0,00013        
XW             1              2,2483E-05     0,00035        
XX             0              1,124E-06      2E-05          
XY             3              1,5063E-05     0,00024        
XZ             0              8,69E-07       2E-05          
X-             9              0,000197001    0,00242        
YA             21             0,000933029    0,00939        
YB             7              0,000174641    0,00218        
YC             0              0,000284484    0,00335        
YD             0              0,000525486    0,00572        
YE             92             0,001454251    0,01371        
YF             4              0,000268427    0,00318        
YG             0              0,000246828    0,00296        
YH             2              0,000772456    0,00799        
YI             35             0,000787802    0,00812        
YJ             0              1,2647E-05     0,00021        
YK             0              9,8333E-05     0,00131        
YL             5              0,000450457    0,00501        
YM             3              0,000289031    0,0034         
YN             4              0,000806702    0,00829        
YO             127            0,00084649     0,00864        
YP             20             0,000192119    0,00237        
YQ             0              1,0373E-05     0,00017        
YR             4              0,000653376    0,00691        
YS             76             0,000744604    0,00774        
YT             27             0,001066603    0,01053        
YU             0              0,000316315    0,00368        
YV             0              0,000104586    0,00138        
YW             7              0,000301394    0,00353        
YX             0              1,5063E-05     0,00024        
YY             1              0,000201924    0,00248        
YZ             0              1,1652E-05     0,00019        
Y-             986            0,002640928    0,02262        
ZA             3              5,3841E-05     0,00076        
ZB             0              1,0078E-05     0,00017        
ZC             0              1,6416E-05     0,00026        
ZD             0              3,0324E-05     0,00046        
ZE             31             8,3919E-05     0,00114        
ZF             0              1,549E-05      0,00025        
ZG             0              1,4243E-05     0,00023        
ZH             0              4,4575E-05     0,00064        
ZI             10             4,5461E-05     0,00066        
ZJ             0              7,3E-07        1E-05          
ZK             0              5,674E-06      0,0001         
ZL             1              2,5994E-05     0,0004         
ZM             0              1,6679E-05     0,00026        
ZN             0              4,6551E-05     0,00067        
ZO             3              4,8847E-05     0,0007         
ZP             0              1,1086E-05     0,00018        
ZQ             0              5,99E-07       1E-05          
ZR             0              3,7704E-05     0,00055        
ZS             0              4,2968E-05     0,00062        
ZT             0              6,1549E-05     0,00086        
ZU             13             1,8253E-05     0,00029        
ZV             0              6,035E-06      0,0001         
ZW             0              1,7392E-05     0,00027        
ZX             0              8,69E-07       2E-05          
ZY             7              1,1652E-05     0,00019        
ZZ             2              6,72E-07       1E-05          
Z-             12             0,000152397    0,00193        
-A             2106           0,012202911    0,07757        
-B             843            0,002284096    0,02004        
-C             639            0,003720717    0,03003        
-D             516            0,006872733    0,04938        
-E             398            0,019019889    0,10872        
-F             713            0,003510706    0,02863        
-G             323            0,003228214    0,02671        
-H             1658           0,010102806    0,06697        
-I             1092           0,010303524    0,06801        
-J             76             0,000165406    0,00208        
-K             113            0,001286082    0,01235        
-L             460            0,005891445    0,04364        
-M             639            0,003780189    0,03042        
-N             413            0,010550704    0,06928        
-O             1206           0,011071084    0,07193        
-P             535            0,002512692    0,0217         
-Q             42             0,00013567     0,00174        
-R             409            0,008545383    0,05871        
-S             1462           0,00973854     0,06507        
-T             2919           0,013949901    0,08598        
-U             227            0,004137021    0,03275        
-V             102            0,001367856    0,01301        
-W             1518           0,003941878    0,03148        
-X             0              0,000197001    0,00242        
-Y             175            0,002640928    0,02262        
-Z             1              0,000152397    0,00193        
--             0              0,034540222    0,16771        
Total:         100000         1              4,08776        