Monogram       Frequency      Probability    Entropy        
========       =========      ===========    =======        
A              7407           0,06536        0,25722        
B              1381           0,01219        0,07751        
C              2260           0,01994        0,11262        
D              4203           0,03709        0,17628        
E              11593          0,10229        0,33646        
F              2101           0,01854        0,10666        
G              1997           0,01762        0,10267        
H              6100           0,05383        0,22692        
I              6303           0,05562        0,23184        
J              101            0,00089        0,00902        
K              791            0,00698        0,04999        
L              3645           0,03216        0,15947        
M              2296           0,02026        0,11397        
N              6456           0,05697        0,23549        
O              6783           0,05985        0,24314        
P              1523           0,01344        0,08356        
Q              82             0,00072        0,00752        
R              5218           0,04604        0,20446        
S              5900           0,05206        0,22197        
T              8451           0,07457        0,27928        
U              2536           0,02238        0,12268        
V              829            0,00731        0,05187        
W              2426           0,02141        0,11873        
X              120            0,00106        0,01047        
Y              1650           0,01456        0,08884        
Z              90             0,00079        0,00814        
-              21088          0,18608        0,45143        
Total:         113330         1,00001        4,0882         
Redundancy:    0,8486         